-82.9728468109 	-5.63864462223 	-7.01060094129
-61.7655270436 	-11.9599535931 	-8.81923559388
-66.1013576141 	-1.33963610969 	0.0525541663233
-86.1163182151 	17.6874640129 	22.5505129587
-40.4420888418 	-10.8873047055 	-8.953057457
-80.8309435577 	-0.575300342366 	2.58139111054
-104.594961148 	7.69882634608 	10.0385541126
-56.9553008283 	0.0188837125079 	0.0342645529449
-42.066705579 	-10.8690288975 	-7.72683649763
-102.674371622 	22.1409567964 	21.4599187437
-51.6899865608 	-7.30215394806 	-5.12626413975
-79.4637918068 	1.31593435639 	2.87160534503
-66.70524358 	12.9520340601 	13.1842776571
-60.7164801332 	13.4981625952 	17.5460903701
-61.6000165834 	-1.93077793638 	-1.50715821856
-100.480829391 	2.80871386212 	5.80483433599
-91.9676023971 	19.2575430021 	19.4617436554
-59.2638713463 	-9.74566936545 	-5.2869962902
-67.7419865078 	2.52375087579 	4.09859489292
-88.472257726 	2.46878393284 	1.53943481212
-43.4671527054 	-12.6097993953 	-12.0285888965
-62.008239471 	1.03095445782 	2.91891792762
-64.4960055623 	0.963947336865 	3.56447770321
-48.8585047809 	-15.0948635882 	-12.5237185925
-113.60121737 	19.7594037334 	20.1990069971
-51.0246441386 	3.23420251154 	4.60827478397
-72.0673656826 	-0.672536907813 	2.67921522965
-67.6020217233 	-4.73570015393 	-2.73795912661
-82.8374848125 	3.87881588041 	5.2096710107
-85.7864987683 	8.42953022632 	9.69971902812
-63.1699896314 	3.07134191208 	4.47646871905
-74.0972545305 	-8.29458532148 	-6.51883643501
-66.5084243437 	8.49696540075 	10.4578164857
-55.5010762937 	-14.732832614 	-13.1438541801
-73.7976695892 	-0.684411999606 	1.2614931751
-69.0818168762 	7.31086799456 	14.5505105666
-74.1925165528 	12.4098324186 	14.7600622728
-90.6396708368 	1.84506986032 	2.87796054163
-49.5130063535 	-5.44620906117 	-6.06173902882
-74.3672972915 	4.18423116764 	3.81634152328
-53.6962486018 	1.98546508115 	2.27733605425
-44.7943821667 	2.35296843589 	7.06747034406
-86.1940015972 	0.328646055705 	2.27931292185
-81.5886120446 	5.52464964245 	5.56758108637
-77.5113288815 	-2.43286294624 	-2.49079100691
-82.044948221 	30.4372091489 	30.9234297018
-57.8302141165 	-2.81070564613 	-1.82992362033
-65.9117597934 	-4.85663778329 	-2.35099718502
-60.0600423995 	9.41506293361 	9.48582742152
-113.422436521 	21.0367598925 	22.1011789608
-71.5200433432 	-11.9443558753 	-10.7269793957
-54.6413381683 	-4.74967813671 	-2.91159421633
-87.3174382188 	7.27192124474 	7.38476287535
-95.7446266908 	19.8355321278 	23.215508665
-73.8839974569 	13.9170570966 	14.3972320961
-53.0647037228 	-3.77095395663 	-3.30290525314
-49.6465943476 	15.4866044455 	16.0617296191
-65.5309789058 	-10.3827522356 	-8.56266815181
-59.914331118 	-3.17762417511 	-3.70139006289
-77.6108174957 	-17.3305910732 	-16.5494715073
-95.0812437767 	21.3300185678 	24.314661607
-72.2955061266 	12.9385721981 	14.2211948654
-71.3017118109 	-14.6800838686 	-14.2586330067
-77.2870583983 	15.1876089392 	15.5534362125
-90.8191742623 	13.8864018833 	15.4259080558
-76.8129099505 	-6.69348109504 	-7.4663009124
-53.2099337706 	-9.78547024968 	-9.40933144558
-71.5009178739 	16.6255575284 	19.6610564799
-57.9282418861 	-7.8393074167 	-5.99013590735
-34.9897324415 	-9.47620185467 	-7.26335455431
-41.0296565203 	3.5820020975 	3.64486231345
-78.4852209091 	-7.40776192769 	-6.93846433762
-65.3421710584 	0.18050235733 	0.794629534662
-51.0568455953 	3.77911307119 	4.20816036654
-47.4122085631 	-10.200935627 	-3.93118889127
-77.068676598 	7.02193468825 	8.14607926045
-43.108346602 	-4.92627139483 	-5.28579832723
-105.43972533 	0.087418850278 	0.500900146331
-79.6892562591 	-11.476508524 	-9.46809794241
-78.0917240586 	-1.39473416411 	-0.18440858213
-79.5871355969 	-8.6388359459 	-8.68363718142
-54.6594965015 	-4.15828376569 	0.0499092712797
-74.3739548317 	3.43763693032 	4.13052609443
-72.8752700362 	-3.90217474048 	-1.52312007721
-52.2066372752 	-11.4298800466 	-9.68697342925
-67.4514732235 	-9.19971087957 	-4.27488559866
-82.7772394353 	-1.09798959394 	1.50799689021
-60.4006971482 	4.18218887897 	7.04760910632
-89.9328481385 	5.43493241511 	8.66309951498
-80.5263820398 	-9.34875320455 	-8.47173060556
-57.6894227278 	-3.51168625725 	-3.19834445417
-82.4238969444 	2.10086896648 	2.66560409192
-80.1759857044 	20.3330093864 	22.714332356
-61.5751480264 	-15.4906970604 	-13.4867346219
-53.8570668293 	1.66078780859 	5.50681801037
-64.7410119401 	27.0870465557 	29.4226848729
-73.6855480243 	-4.68314989301 	-3.70459235201
-62.1210494463 	-4.05381997608 	-4.08033415305
-69.6357929261 	2.11469944413 	3.76885493305
-64.6671819396 	-6.46008232836 	-3.01583705512
